246
346 246
1246 246
256 246
247 246
257 256
257 247
1247 1246
1247 247
347 346
347 247
356 346
356 256
1256 1246
1256 256
1346 346
1346 1246
357 356
356
357 347
347
357 257
257
1257 1256
1256
1257 1247
1247
1257 257
1347 1346
1346
1347 347
1347 1247
1356 1346
1356 1256
1356 356
1157 1155
1155
1057 1054
1054
1337 1331
1331
1327 1320
1320
1317 1313
1313
1307 1302
1302
1355 1155
1155
1354 1054
1054
1353 1313
1313
1352 1302
1302
1351 1331
1331
1350 1320
1320